Learning Rate	Train Loss	Train Acc	Test Loss	Test Acc	Best Acc (Test).	Elasped(s)	EpochTime(s)	ETA(s)	VRAM_used(MB)	VRAM_total(MB)	VRAM_util(%)	VRAM_peak_alloc(MB)	VRAM_peak_reserved(MB)	
0.000100	0.127959	0.972116	0.486520	0.755396	0.755396	92.792465	92.792463	18465.700577	8374.312500	81920.000000	10.222549	7227.104492	9736.000000	
0.000100	0.017944	0.999306	0.478191	0.754779	0.755396	191.307598	90.171821	18939.452166	8374.312500	81920.000000	10.222549	6805.762695	7084.000000	
0.000100	0.009904	0.999792	0.496682	0.754779	0.755396	286.646676	90.115746	18823.131728	8374.312500	81920.000000	10.222549	6805.762695	7084.000000	
0.000100	0.006781	0.999931	0.483513	0.784789	0.784789	383.913807	91.791340	18811.776562	8374.312500	81920.000000	10.222549	6805.762695	7084.000000	
0.000100	0.005646	0.999931	0.545373	0.786639	0.786639	483.192192	90.648474	18844.495472	8374.312500	81920.000000	10.222549	6805.762695	7084.000000	
0.000100	0.004366	1.000000	0.545919	0.718191	0.786639	582.074630	90.284321	18820.413022	8374.312500	81920.000000	10.222549	6805.762695	7084.000000	
0.000100	0.003460	1.000000	0.523808	0.745529	0.786639	676.659492	89.436646	18656.468858	8374.312500	81920.000000	10.222549	6805.762695	7084.000000	
0.000100	0.003371	0.999931	0.548897	0.774923	0.786639	770.673686	88.892217	18496.168470	8374.312500	81920.000000	10.222549	6805.762695	7084.000000	
0.000100	0.002760	1.000000	0.531721	0.751490	0.786639	866.529717	90.775252	18389.686226	8374.312500	81920.000000	10.222549	6805.762695	7084.000000	
0.000100	0.002325	1.000000	0.547531	0.776567	0.786639	961.073145	89.569640	18260.389749	8374.312500	81920.000000	10.222549	6805.762695	7084.000000	
0.000100	0.002170	1.000000	0.625333	0.793834	0.793834	1057.064627	90.918504	18162.292230	8374.312500	81920.000000	10.222549	6805.762695	7084.000000	
0.000100	0.001821	1.000000	0.591821	0.724769	0.793834	1154.911772	89.189776	18093.617762	8374.312500	81920.000000	10.222549	6805.762695	7084.000000	
0.000100	0.001759	1.000000	0.572472	0.710175	0.793834	1250.263252	90.250415	17984.556017	8374.312500	81920.000000	10.222549	6805.762695	7084.000000	
0.000100	0.001729	1.000000	0.590879	0.780267	0.793834	1344.901566	89.129675	17867.977952	8374.312500	81920.000000	10.222549	6805.762695	7084.000000	
0.000100	0.001525	0.999931	0.563392	0.731552	0.793834	1439.912084	89.692011	17758.915698	8374.312500	81920.000000	10.222549	6805.762695	7084.000000	
0.000100	0.001412	1.000000	0.544751	0.758068	0.793834	1535.488585	89.871492	17658.118730	8374.312500	81920.000000	10.222549	6805.762695	7084.000000	
0.000100	0.001424	0.999931	0.594534	0.769990	0.793834	1630.539556	89.647704	17552.278748	8374.312500	81920.000000	10.222549	6805.762695	7084.000000	
0.000100	0.001253	1.000000	0.586449	0.762179	0.793834	1724.807310	88.869396	17439.718360	8374.312500	81920.000000	10.222549	6805.762695	7084.000000	
0.000100	0.001307	0.999931	0.567175	0.788900	0.793834	1819.837596	89.839797	17336.347622	8374.312500	81920.000000	10.222549	6805.762695	7084.000000	
0.000100	0.001062	1.000000	0.585976	0.779239	0.793834	1915.148912	89.889820	17236.340205	8374.312500	81920.000000	10.222549	6805.762695	7084.000000	
0.000100	0.001025	1.000000	0.590766	0.743063	0.793834	2010.404724	89.517899	17136.306936	8374.312500	81920.000000	10.222549	6805.762695	7084.000000	
0.000100	0.000981	1.000000	0.572745	0.748407	0.793834	2104.775514	89.162460	17029.547343	8374.312500	81920.000000	10.222549	6805.762695	7084.000000	
0.000100	0.000869	1.000000	0.599153	0.770401	0.793834	2199.148452	89.163893	16923.881564	8374.312500	81920.000000	10.222549	6805.762695	7084.000000	
0.000100	0.000872	1.000000	0.598409	0.779445	0.793834	2294.224715	89.706400	16824.314577	8374.312500	81920.000000	10.222549	6805.762695	7084.000000	
0.000100	0.000950	1.000000	0.639819	0.761768	0.793834	2388.792326	89.331300	16721.546280	8374.312500	81920.000000	10.222549	6805.762695	7084.000000	
0.000100	0.000829	1.000000	0.588120	0.745529	0.793834	2483.845798	89.837970	16622.660342	8374.312500	81920.000000	10.222549	6805.762695	7084.000000	
0.000100	0.000756	1.000000	0.596174	0.767934	0.793834	2579.099855	89.868363	16525.343513	8374.312500	81920.000000	10.222549	6805.762695	7084.000000	
0.000100	0.000800	1.000000	0.605901	0.758068	0.793834	2673.949540	89.650793	16425.690029	8374.312500	81920.000000	10.222549	6805.762695	7084.000000	
0.000100	0.000745	1.000000	0.614641	0.707914	0.793834	2769.002335	89.904840	16327.565493	8374.312500	81920.000000	10.222549	6805.762695	7084.000000	
0.000100	0.000790	1.000000	0.622208	0.755807	0.793834	2863.320109	88.816389	16225.480616	8374.312500	81920.000000	10.222549	6805.762695	7084.000000	
0.000100	0.000641	1.000000	0.639479	0.716136	0.793834	2957.615097	89.014201	16123.772626	8374.312500	81920.000000	10.222549	6805.762695	7084.000000	
0.000100	0.000672	1.000000	0.628946	0.766084	0.793834	3052.506183	89.664493	16025.657463	8374.312500	81920.000000	10.222549	6805.762695	7084.000000	
0.000100	0.000620	1.000000	0.642234	0.706680	0.793834	3148.047256	90.155636	15931.027020	8374.312500	81920.000000	10.222549	6805.762695	7084.000000	
0.000100	0.000745	0.999931	0.649145	0.752312	0.793834	3243.085943	89.752519	15833.890191	8374.312500	81920.000000	10.222549	6805.762695	7084.000000	
0.000100	0.000619	1.000000	0.646673	0.749229	0.793834	3338.252105	89.847106	15737.474210	8374.312500	81920.000000	10.222549	6805.762695	7084.000000	
0.000100	0.000604	1.000000	0.663036	0.702569	0.793834	3433.059596	89.617398	15639.493715	8374.312500	81920.000000	10.222549	6805.762695	7084.000000	
0.000100	0.000717	1.000000	0.603823	0.719836	0.793834	3527.629628	89.369491	15540.638633	8374.312500	81920.000000	10.222549	6805.762695	7084.000000	
0.000100	0.000563	1.000000	0.654961	0.781912	0.793834	3623.124619	90.092704	15445.952322	8374.312500	81920.000000	10.222549	6805.762695	7084.000000	
0.000100	0.000589	1.000000	0.638578	0.753546	0.793834	3718.758080	90.384337	15351.796178	8374.312500	81920.000000	10.222549	6805.762695	7084.000000	
0.000100	0.000517	1.000000	0.679641	0.718808	0.793834	3814.001441	90.079455	15256.005765	8374.312500	81920.000000	10.222549	6805.762695	7084.000000	
0.000100	0.000528	1.000000	0.637224	0.728674	0.793834	3911.155431	91.378890	15167.651550	8374.312500	81920.000000	10.222549	6805.762695	7084.000000	
0.000100	0.000505	1.000000	0.670420	0.730730	0.793834	4006.894783	90.515127	15073.556563	8374.312500	81920.000000	10.222549	6805.762695	7084.000000	
0.000100	0.000535	1.000000	0.655813	0.745118	0.793834	4102.518298	90.230324	14978.962159	8374.312500	81920.000000	10.222549	6805.762695	7084.000000	
0.000100	0.000424	1.000000	0.692391	0.738129	0.793834	4198.223777	90.459637	14884.611572	8374.312500	81920.000000	10.222549	6805.762695	7084.000000	
0.000100	0.000565	1.000000	0.638083	0.731963	0.793834	4293.650545	90.270081	14789.240765	8374.312500	81920.000000	10.222549	6805.762695	7084.000000	
0.000100	0.000502	1.000000	0.660818	0.709353	0.793834	4388.538465	89.683699	14692.063558	8374.312500	81920.000000	10.222549	6805.762695	7084.000000	
0.000100	0.000439	1.000000	0.660446	0.754368	0.793834	4482.723989	88.906396	14592.697242	8374.312500	81920.000000	10.222549	6805.762695	7084.000000	
0.000100	0.000449	1.000000	0.687127	0.726413	0.793834	4578.172724	90.203208	14497.546959	8374.312500	81920.000000	10.222549	6805.762695	7084.000000	
0.000100	0.000413	1.000000	0.623400	0.713669	0.793834	4673.678497	90.056503	14402.560266	8374.312500	81920.000000	10.222549	6805.762695	7084.000000	
0.000100	0.000375	1.000000	0.634695	0.767318	0.793834	4767.983299	89.092622	14303.949898	8374.312500	81920.000000	10.222549	6805.762695	7084.000000	
0.000100	0.000432	1.000000	0.640025	0.757451	0.793834	4862.406947	89.337113	14205.855590	8374.312500	81920.000000	10.222549	6805.762695	7084.000000	
0.000100	0.000444	0.999931	0.664672	0.747379	0.793834	4956.809125	89.142005	14107.841356	8374.312500	81920.000000	10.222549	6805.762695	7084.000000	
0.000100	0.000398	1.000000	0.650992	0.760946	0.793834	5052.832999	91.191221	14014.461337	8374.312500	81920.000000	10.222549	6805.762695	7084.000000	
0.000100	0.000383	1.000000	0.675627	0.746763	0.793834	5148.625976	90.382638	13920.359119	8374.312500	81920.000000	10.222549	6805.762695	7084.000000	
0.000100	0.000344	1.000000	0.649051	0.767112	0.793834	5243.480423	89.536251	13823.721115	8374.312500	81920.000000	10.222549	6805.762695	7084.000000	
0.000100	0.000390	1.000000	0.673676	0.739157	0.793834	5338.682648	89.890903	13728.041095	8374.312500	81920.000000	10.222549	6805.762695	7084.000000	
0.000100	0.000351	1.000000	0.688114	0.725385	0.793834	5433.484894	89.639185	13631.374383	8374.312500	81920.000000	10.222549	6805.762695	7084.000000	
0.000100	0.000390	1.000000	0.675900	0.766906	0.793834	5527.983816	89.216757	13534.029342	8374.312500	81920.000000	10.222549	6805.762695	7084.000000	
0.000100	0.000340	1.000000	0.634428	0.767934	0.793834	5622.158758	89.040783	13436.006524	8374.312500	81920.000000	10.222549	6805.762695	7084.000000	
0.000100	0.000406	1.000000	0.663163	0.764645	0.793834	5717.544373	90.147152	13340.936871	8374.312500	81920.000000	10.222549	6805.762695	7084.000000	
0.000100	0.000322	1.000000	0.657099	0.771634	0.793834	5812.812591	90.038749	13245.589346	8374.312500	81920.000000	10.222549	6805.762695	7084.000000	
0.000100	0.000347	1.000000	0.645051	0.732374	0.793834	5908.090291	89.855566	13150.265487	8374.312500	81920.000000	10.222549	6805.762695	7084.000000	
0.000100	0.000294	1.000000	0.684359	0.771429	0.793834	6002.859250	89.507840	13053.836782	8374.312500	81920.000000	10.222549	6805.762695	7084.000000	
0.000100	0.000298	1.000000	0.640813	0.776156	0.793834	6097.293586	89.314836	12956.748869	8374.312500	81920.000000	10.222549	6805.762695	7084.000000	
0.000100	0.000307	1.000000	0.689328	0.768551	0.793834	6192.192590	89.759644	12860.707688	8374.312500	81920.000000	10.222549	6805.762695	7084.000000	
0.000100	0.000278	1.000000	0.638086	0.753751	0.793834	6287.463266	90.022945	12765.455722	8374.312500	81920.000000	10.222549	6805.762695	7084.000000	
0.000100	0.000327	1.000000	0.696880	0.736485	0.793834	6382.552398	89.819158	12669.842820	8374.312500	81920.000000	10.222549	6805.762695	7084.000000	
0.000100	0.000256	1.000000	0.696486	0.748613	0.793834	6479.386230	91.539254	12577.632094	8374.312500	81920.000000	10.222549	6805.762695	7084.000000	
0.000100	0.000298	1.000000	0.675684	0.775128	0.793834	6575.019936	90.033782	12483.008865	8374.312500	81920.000000	10.222549	6805.762695	7084.000000	
0.000100	0.000281	1.000000	0.704850	0.763823	0.793834	6668.544507	88.277192	12384.439799	8374.312500	81920.000000	10.222549	6805.762695	7084.000000	
0.000100	0.000274	1.000000	0.715451	0.715108	0.793834	6763.506809	89.796071	12288.625047	8374.312500	81920.000000	10.222549	6805.762695	7084.000000	
0.000100	0.000291	1.000000	0.655294	0.755601	0.793834	6859.167451	90.077317	12194.075469	8374.312500	81920.000000	10.222549	6805.762695	7084.000000	
0.000100	0.000247	1.000000	0.702976	0.745735	0.793834	6955.222537	90.154694	12100.181673	8374.312500	81920.000000	10.222549	6805.762695	7084.000000	
0.000100	0.000239	1.000000	0.719051	0.760123	0.793834	7050.886393	90.065101	12005.563317	8374.312500	81920.000000	10.222549	6805.762695	7084.000000	
0.000100	0.000245	1.000000	0.720728	0.755807	0.793834	7145.467092	89.395751	11909.111820	8374.312500	81920.000000	10.222549	6805.762695	7084.000000	
0.000100	0.000287	1.000000	0.778260	0.748201	0.793834	7239.392129	88.896291	11811.639789	8374.312500	81920.000000	10.222549	6805.762695	7084.000000	
0.000100	0.000272	1.000000	0.730344	0.701953	0.793834	7335.371960	90.645427	11717.542222	8374.312500	81920.000000	10.222549	6805.762695	7084.000000	
0.000100	0.000250	1.000000	0.740876	0.701953	0.793834	7431.394665	90.637957	11623.463450	8374.312500	81920.000000	10.222549	6805.762695	7084.000000	
0.000100	0.000242	1.000000	0.725764	0.744707	0.793834	7526.618295	90.003491	11528.111565	8374.312500	81920.000000	10.222549	6805.762695	7084.000000	
0.000100	0.000308	1.000000	0.707386	0.710380	0.793834	7621.319307	89.439225	11431.978961	8374.312500	81920.000000	10.222549	6805.762695	7084.000000	
0.000100	0.000243	1.000000	0.689860	0.776567	0.793834	7716.999038	90.433225	11337.319575	8374.312500	81920.000000	10.222549	6805.762695	7084.000000	
0.000100	0.000221	1.000000	0.776580	0.701542	0.793834	7812.023254	89.728461	11241.692000	8374.312500	81920.000000	10.222549	6805.762695	7084.000000	
0.000100	0.000339	1.000000	0.754373	0.778006	0.793834	7907.573310	90.315583	11146.820209	8374.312500	81920.000000	10.222549	6805.762695	7084.000000	
0.000100	0.000256	1.000000	0.673834	0.759507	0.793834	8002.799502	89.930501	11051.485027	8374.312500	81920.000000	10.222549	6805.762695	7084.000000	
0.000100	0.000221	1.000000	0.754305	0.713258	0.793834	8097.735885	89.541917	10955.760315	8374.312500	81920.000000	10.222549	6805.762695	7084.000000	
0.000100	0.000248	1.000000	0.711745	0.732991	0.793834	8192.384843	89.441162	10859.672932	8374.312500	81920.000000	10.222549	6805.762695	7084.000000	
0.000100	0.000240	1.000000	0.720870	0.744502	0.793834	8289.399247	91.557085	10766.690976	8374.312500	81920.000000	10.222549	6805.762695	7084.000000	
0.000100	0.000224	1.000000	0.689260	0.738335	0.793834	8384.776700	90.213491	10671.533982	8374.312500	81920.000000	10.222549	6805.762695	7084.000000	
0.000100	0.000210	1.000000	0.723273	0.745118	0.793834	8479.485416	89.237531	10575.537991	8374.312500	81920.000000	10.222549	6805.762695	7084.000000	
0.000100	0.000249	1.000000	0.733203	0.718397	0.793834	8575.407183	90.758891	10481.053224	8374.312500	81920.000000	10.222549	6805.762695	7084.000000	
0.000100	0.000207	1.000000	0.776592	0.751079	0.793834	8671.435856	90.769278	10386.664926	8374.312500	81920.000000	10.222549	6805.762695	7084.000000	
0.000100	0.000252	1.000000	0.724517	0.746146	0.793834	8766.935471	90.295150	10291.619901	8374.312500	81920.000000	10.222549	6805.762695	7084.000000	
0.000100	0.000197	1.000000	0.718710	0.751490	0.793834	8862.471522	90.327139	10196.607020	8374.312500	81920.000000	10.222549	6805.762695	7084.000000	
0.000100	0.000251	1.000000	0.729599	0.737102	0.793834	8957.210325	89.155786	10100.683984	8374.312500	81920.000000	10.222549	6805.762695	7084.000000	
0.000100	0.000205	1.000000	0.715110	0.722919	0.793834	9053.394068	90.948502	10006.382918	8374.312500	81920.000000	10.222549	6805.762695	7084.000000	
0.000100	0.000204	1.000000	0.691835	0.755396	0.793834	9148.426379	89.810749	9910.795244	8374.312500	81920.000000	10.222549	6805.762695	7084.000000	
0.000100	0.000191	1.000000	0.716305	0.724769	0.793834	9243.435448	89.408220	9815.194342	8374.312500	81920.000000	10.222549	6805.762695	7084.000000	
0.000100	0.000193	1.000000	0.717932	0.726824	0.793834	9339.083726	90.379063	9720.270817	8374.312500	81920.000000	10.222549	6805.762695	7084.000000	
0.000100	0.000215	1.000000	0.709412	0.732991	0.793834	9434.089529	89.807659	9624.677197	8374.312500	81920.000000	10.222549	6805.762695	7084.000000	
0.000100	0.000206	1.000000	0.756739	0.701131	0.793834	9529.363764	89.955963	9529.363764	8374.312500	81920.000000	10.222549	6805.762695	7084.000000	
0.000100	0.000227	1.000000	0.739631	0.700308	0.793834	9624.000304	89.396538	9433.426040	8374.312500	81920.000000	10.222549	6805.762695	7084.000000	
0.000100	0.000182	1.000000	0.690839	0.762795	0.793834	9718.188918	89.000928	9337.083470	8374.312500	81920.000000	10.222549	6805.762695	7084.000000	
0.000100	0.000190	1.000000	0.707127	0.734224	0.793834	9812.639594	89.170863	9241.029520	8374.312500	81920.000000	10.222549	6805.762695	7084.000000	
0.000100	0.000195	1.000000	0.742625	0.770401	0.793834	9907.786779	89.823402	9145.649335	8374.312500	81920.000000	10.222549	6805.762695	7084.000000	
0.000100	0.000168	1.000000	0.738488	0.754985	0.793834	10002.374953	89.201838	9049.767815	8374.312500	81920.000000	10.222549	6805.762695	7084.000000	
0.000100	0.000217	1.000000	0.666362	0.755190	0.793834	10096.875357	89.256015	8953.832864	8374.312500	81920.000000	10.222549	6805.762695	7084.000000	
0.000100	0.000147	1.000000	0.682476	0.754985	0.793834	10191.492077	89.432439	8858.025824	8374.312500	81920.000000	10.222549	6805.762695	7084.000000	
0.000100	0.000172	1.000000	0.733187	0.742652	0.793834	10286.727419	89.917481	8762.767801	8374.312500	81920.000000	10.222549	6805.762695	7084.000000	
0.000100	0.000173	1.000000	0.736708	0.754779	0.793834	10382.255838	90.147722	8667.754874	8374.312500	81920.000000	10.222549	6805.762695	7084.000000	
0.000100	0.000210	1.000000	0.722567	0.714697	0.793834	10477.081910	89.213233	8572.157926	8374.312500	81920.000000	10.222549	6805.762695	7084.000000	
0.000100	0.000179	1.000000	0.702592	0.772251	0.793834	10572.843599	90.232404	8477.325048	8374.312500	81920.000000	10.222549	6805.762695	7084.000000	
0.000100	0.000190	1.000000	0.709743	0.727030	0.793834	10668.118177	89.782028	8382.092853	8374.312500	81920.000000	10.222549	6805.762695	7084.000000	
0.000100	0.000199	1.000000	0.716553	0.755190	0.793834	10763.931443	90.477497	8287.274651	8374.312500	81920.000000	10.222549	6805.762695	7084.000000	
0.000100	0.000167	1.000000	0.730328	0.765879	0.793834	10859.361117	89.815229	8192.149614	8374.312500	81920.000000	10.222549	6805.762695	7084.000000	
0.000100	0.000143	1.000000	0.744764	0.762179	0.793834	10954.126978	89.544749	8096.528636	8374.312500	81920.000000	10.222549	6805.762695	7084.000000	
0.000100	0.000147	1.000000	0.734355	0.753957	0.793834	11049.260587	89.983768	8001.188701	8374.312500	81920.000000	10.222549	6805.762695	7084.000000	
0.000100	0.000187	1.000000	0.749366	0.773484	0.793834	11144.389723	89.966761	7905.849120	8374.312500	81920.000000	10.222549	6805.762695	7084.000000	
0.000100	0.000173	1.000000	0.705359	0.755190	0.793834	11238.728197	89.143988	7809.963662	8374.312500	81920.000000	10.222549	6805.762695	7084.000000	
0.000100	0.000156	1.000000	0.699445	0.761768	0.793834	11334.994217	90.965331	7715.416232	8374.312500	81920.000000	10.222549	6805.762695	7084.000000	
0.000100	0.000144	1.000000	0.727791	0.751079	0.793834	11431.304017	91.140616	7620.869345	8374.312500	81920.000000	10.222549	6805.762695	7084.000000	
0.000100	0.000213	1.000000	0.710411	0.747585	0.793834	11525.651071	88.992825	7525.011856	8374.312500	81920.000000	10.222549	6805.762695	7084.000000	
0.000100	0.000163	1.000000	0.693797	0.769579	0.793834	11621.417502	90.585634	7430.086600	8374.312500	81920.000000	10.222549	6805.762695	7084.000000	
0.000100	0.000172	1.000000	0.702743	0.753340	0.793834	11717.337313	90.299053	7335.243684	8374.312500	81920.000000	10.222549	6805.762695	7084.000000	
0.000100	0.000170	1.000000	0.729874	0.769990	0.793834	11812.537186	89.912157	7239.942146	8374.312500	81920.000000	10.222549	6805.762695	7084.000000	
0.000100	0.000162	1.000000	0.712945	0.747585	0.793834	11908.082136	90.359132	7144.849282	8374.312500	81920.000000	10.222549	6805.762695	7084.000000	
0.000100	0.000156	1.000000	0.722862	0.757246	0.793834	12002.805031	89.565840	7049.266447	8374.312500	81920.000000	10.222549	6805.762695	7084.000000	
0.000100	0.000150	1.000000	0.754090	0.751285	0.793834	12099.625217	91.539155	6954.902684	8374.312500	81920.000000	10.222549	6805.762695	7084.000000	
0.000100	0.000161	1.000000	0.743303	0.758479	0.793834	12195.312565	90.443192	6859.863318	8374.312500	81920.000000	10.222549	6805.762695	7084.000000	
0.000100	0.000147	1.000000	0.679462	0.766290	0.793834	12290.714421	89.812859	6764.656774	8374.312500	81920.000000	10.222549	6805.762695	7084.000000	
0.000100	0.000164	1.000000	0.720610	0.745118	0.793834	12385.312877	89.267086	6669.014626	8374.312500	81920.000000	10.222549	6805.762695	7084.000000	
0.000100	0.000128	1.000000	0.741970	0.750051	0.793834	12480.777955	90.261609	6573.844877	8374.312500	81920.000000	10.222549	6805.762695	7084.000000	
0.000100	0.000176	1.000000	0.723641	0.759507	0.793834	12575.895578	89.851805	6478.491661	8374.312500	81920.000000	10.222549	6805.762695	7084.000000	
0.000100	0.000119	1.000000	0.752269	0.749024	0.793834	12671.847385	90.506226	6383.562217	8374.312500	81920.000000	10.222549	6805.762695	7084.000000	
0.000100	0.000122	1.000000	0.765993	0.757451	0.793834	12766.799329	89.734727	6288.125042	8374.312500	81920.000000	10.222549	6805.762695	7084.000000	
0.000100	0.000136	1.000000	0.709820	0.763207	0.793834	12860.946326	88.948467	6192.307490	8374.312500	81920.000000	10.222549	6805.762695	7084.000000	
0.000100	0.000119	1.000000	0.741075	0.760740	0.793834	12955.896041	89.687693	6096.892254	8374.312500	81920.000000	10.222549	6805.762695	7084.000000	
0.000100	0.000153	1.000000	0.759774	0.750257	0.793834	13051.521320	90.238355	6001.794475	8374.312500	81920.000000	10.222549	6805.762695	7084.000000	
0.000100	0.000181	1.000000	0.738395	0.742240	0.793834	13146.043563	89.342965	5906.193485	8374.312500	81920.000000	10.222549	6805.762695	7084.000000	
0.000100	0.000122	1.000000	0.742382	0.764234	0.793834	13241.269842	90.046047	5810.916981	8374.312500	81920.000000	10.222549	6805.762695	7084.000000	
0.000100	0.000140	1.000000	0.779149	0.745324	0.793834	13336.423537	90.017465	5715.610087	8374.312500	81920.000000	10.222549	6805.762695	7084.000000	
0.000100	0.000142	1.000000	0.752992	0.759918	0.793834	13430.915877	89.081745	5620.028629	8374.312500	81920.000000	10.222549	6805.762695	7084.000000	
0.000100	0.000133	1.000000	0.741589	0.763823	0.793834	13525.054103	88.764906	5524.317873	8374.312500	81920.000000	10.222549	6805.762695	7084.000000	
0.000100	0.000194	1.000000	0.804876	0.751490	0.793834	13621.125837	90.556577	5429.399809	8374.312500	81920.000000	10.222549	6805.762695	7084.000000	
0.000100	0.000132	1.000000	0.744163	0.744707	0.793834	13716.634849	90.173533	5334.246886	8374.312500	81920.000000	10.222549	6805.762695	7084.000000	
0.000100	0.000128	1.000000	0.714485	0.768551	0.793834	13811.824510	89.868440	5238.967918	8374.312500	81920.000000	10.222549	6805.762695	7084.000000	
0.000100	0.000113	1.000000	0.744607	0.751696	0.793834	13905.569499	88.647310	5143.155842	8374.312500	81920.000000	10.222549	6805.762695	7084.000000	
0.000100	0.000125	1.000000	0.753805	0.752518	0.793834	13999.856485	88.743980	5047.567304	8374.312500	81920.000000	10.222549	6805.762695	7084.000000	
0.000100	0.000167	1.000000	0.709475	0.761151	0.793834	14095.417436	90.200104	4952.443964	8374.312500	81920.000000	10.222549	6805.762695	7084.000000	
0.000100	0.000126	1.000000	0.750303	0.751696	0.793834	14190.398147	89.524786	4857.116144	8374.312500	81920.000000	10.222549	6805.762695	7084.000000	
0.000100	0.000133	1.000000	0.767729	0.743679	0.793834	14285.251140	89.288084	4761.750380	8374.312500	81920.000000	10.222549	6805.762695	7084.000000	
0.000100	0.000141	1.000000	0.700250	0.714491	0.793834	14380.684980	90.189444	4666.579894	8374.312500	81920.000000	10.222549	6805.762695	7084.000000	
0.000100	0.000119	1.000000	0.742100	0.754573	0.793834	14475.803443	89.770617	4571.306350	8374.312500	81920.000000	10.222549	6805.762695	7084.000000	
0.000100	0.000130	1.000000	0.729329	0.753751	0.793834	14570.212618	88.932008	4475.816948	8374.312500	81920.000000	10.222549	6805.762695	7084.000000	
0.000100	0.000114	1.000000	0.784810	0.751696	0.793834	14666.011692	90.645770	4380.756739	8374.312500	81920.000000	10.222549	6805.762695	7084.000000	
0.000100	0.000156	1.000000	0.731532	0.748818	0.793834	14760.383976	89.225246	4285.272767	8374.312500	81920.000000	10.222549	6805.762695	7084.000000	
0.000100	0.000112	1.000000	0.763727	0.750874	0.793834	14855.097607	89.532590	4189.899325	8374.312500	81920.000000	10.222549	6805.762695	7084.000000	
0.000100	0.000124	1.000000	0.741554	0.777390	0.793834	14950.054444	89.806925	4094.600899	8374.312500	81920.000000	10.222549	6805.762695	7084.000000	
0.000100	0.000121	1.000000	0.750865	0.760534	0.793834	15044.469806	89.015129	3999.162860	8374.312500	81920.000000	10.222549	6805.762695	7084.000000	
0.000100	0.000167	1.000000	0.776258	0.763412	0.793834	15140.860782	91.054426	3904.247120	8374.312500	81920.000000	10.222549	6805.762695	7084.000000	
0.000100	0.000110	1.000000	0.747348	0.773690	0.793834	15236.217508	90.078334	3809.054377	8374.312500	81920.000000	10.222549	6805.762695	7084.000000	
0.000100	0.000108	1.000000	0.748483	0.758068	0.793834	15330.707420	89.426772	3713.649623	8374.312500	81920.000000	10.222549	6805.762695	7084.000000	
0.000100	0.000121	1.000000	0.796676	0.746557	0.793834	15425.689141	89.892759	3618.371527	8374.312500	81920.000000	10.222549	6805.762695	7084.000000	
0.000100	0.000099	1.000000	0.757282	0.749846	0.793834	15520.788342	89.339144	3523.123734	8374.312500	81920.000000	10.222549	6805.762695	7084.000000	
0.000100	0.000121	1.000000	0.756736	0.748818	0.793834	15616.114879	89.896592	3427.927656	8374.312500	81920.000000	10.222549	6805.762695	7084.000000	
0.000100	0.000106	1.000000	0.764140	0.760123	0.793834	15710.987447	89.435030	3332.633701	8374.312500	81920.000000	10.222549	6805.762695	7084.000000	
0.000100	0.000125	1.000000	0.727487	0.759507	0.793834	15806.923687	90.433334	3237.562683	8374.312500	81920.000000	10.222549	6805.762695	7084.000000	
0.000100	0.000125	1.000000	0.814612	0.740596	0.793834	15901.655242	89.511449	3142.243251	8374.312500	81920.000000	10.222549	6805.762695	7084.000000	
0.000100	0.000123	1.000000	0.781367	0.769579	0.793834	15997.107294	90.232366	3047.068056	8374.312500	81920.000000	10.222549	6805.762695	7084.000000	
0.000100	0.000111	1.000000	0.778117	0.767523	0.793834	16093.445822	91.074441	2952.052192	8374.312500	81920.000000	10.222549	6805.762695	7084.000000	
0.000100	0.000129	1.000000	0.753191	0.770606	0.793834	16189.265627	90.233457	2856.929228	8374.312500	81920.000000	10.222549	6805.762695	7084.000000	
0.000100	0.000148	1.000000	0.748531	0.750874	0.793834	16284.845645	90.022206	2761.757449	8374.312500	81920.000000	10.222549	6805.762695	7084.000000	
0.000100	0.000092	1.000000	0.790790	0.755601	0.793834	16379.999873	89.868491	2666.511607	8374.312500	81920.000000	10.222549	6805.762695	7084.000000	
0.000100	0.000149	1.000000	0.792092	0.742857	0.793834	16475.310906	89.909620	2571.291297	8374.312500	81920.000000	10.222549	6805.762695	7084.000000	
0.000100	0.000134	1.000000	0.748285	0.762590	0.793834	16570.102420	88.983781	2475.992316	8374.312500	81920.000000	10.222549	6805.762695	7084.000000	
0.000100	0.000125	1.000000	0.770968	0.769784	0.793834	16665.164854	89.795603	2380.737836	8374.312500	81920.000000	10.222549	6805.762695	7084.000000	
0.000100	0.000096	1.000000	0.790830	0.770812	0.793834	16760.351141	89.970248	2285.502428	8374.312500	81920.000000	10.222549	6805.762695	7084.000000	
0.000100	0.000114	1.000000	0.753677	0.765673	0.793834	16855.485550	89.752386	2190.260834	8374.312500	81920.000000	10.222549	6805.762695	7084.000000	
0.000100	0.000119	1.000000	0.747540	0.750257	0.793834	16949.994929	89.271219	2094.943193	8374.312500	81920.000000	10.222549	6805.762695	7084.000000	
0.000100	0.000108	1.000000	0.784687	0.750668	0.793834	17045.471946	90.179734	1999.748105	8374.312500	81920.000000	10.222549	6805.762695	7084.000000	
0.000100	0.000098	1.000000	0.757547	0.756218	0.793834	17140.685102	89.939193	1904.520567	8374.312500	81920.000000	10.222549	6805.762695	7084.000000	
0.000100	0.000088	1.000000	0.766192	0.747585	0.793834	17235.287579	89.413585	1809.229083	8374.312500	81920.000000	10.222549	6805.762695	7084.000000	
0.000100	0.000110	1.000000	0.748578	0.759096	0.793834	17329.743057	89.178624	1713.930632	8374.312500	81920.000000	10.222549	6805.762695	7084.000000	
0.000100	0.000132	1.000000	0.765173	0.750257	0.793834	17424.551634	89.666176	1618.674196	8374.312500	81920.000000	10.222549	6805.762695	7084.000000	
0.000100	0.000105	1.000000	0.783849	0.749229	0.793834	17519.467327	89.578510	1523.431941	8374.312500	81920.000000	10.222549	6805.762695	7084.000000	
0.000100	0.000089	1.000000	0.722148	0.755190	0.793834	17613.964738	89.413028	1428.159303	8374.312500	81920.000000	10.222549	6805.762695	7084.000000	
0.000100	0.000113	1.000000	0.776801	0.747790	0.793834	17709.933643	90.847350	1333.005758	8374.312500	81920.000000	10.222549	6805.762695	7084.000000	
0.000100	0.000116	1.000000	0.729051	0.753135	0.793834	17804.184471	89.038068	1237.724054	8374.312500	81920.000000	10.222549	6805.762695	7084.000000	
0.000100	0.000101	1.000000	0.783770	0.750462	0.793834	17899.921630	90.423801	1142.548189	8374.312500	81920.000000	10.222549	6805.762695	7084.000000	
0.000100	0.000090	1.000000	0.815321	0.748201	0.793834	17994.068654	88.838135	1047.273837	8374.312500	81920.000000	10.222549	6805.762695	7084.000000	
0.000100	0.000192	0.999931	0.757963	0.764645	0.793834	18088.471792	89.079347	952.024831	8374.312500	81920.000000	10.222549	6805.762695	7084.000000	
0.000100	0.000108	1.000000	0.745872	0.775540	0.793834	18183.449864	89.663851	856.811774	8374.312500	81920.000000	10.222549	6805.762695	7084.000000	
0.000100	0.000105	1.000000	0.752355	0.771840	0.793834	18278.010710	89.250926	761.583780	8374.312500	81920.000000	10.222549	6805.762695	7084.000000	
0.000100	0.000086	1.000000	0.752411	0.763207	0.793834	18371.626190	88.404990	666.328411	8374.312500	81920.000000	10.222549	6805.762695	7084.000000	
0.000100	0.000120	1.000000	0.772664	0.751490	0.793834	18466.496167	89.655948	571.128747	8374.312500	81920.000000	10.222549	6805.762695	7084.000000	
0.000100	0.000091	1.000000	0.774582	0.767729	0.793834	18562.860224	91.038723	475.970775	8374.312500	81920.000000	10.222549	6805.762695	7084.000000	
0.000100	0.000091	1.000000	0.805777	0.748818	0.793834	18657.361975	89.301154	380.762489	8374.312500	81920.000000	10.222549	6805.762695	7084.000000	
0.000100	0.000079	1.000000	0.827170	0.750051	0.793834	18754.152255	90.980685	285.596227	8374.312500	81920.000000	10.222549	6805.762695	7084.000000	
0.000100	0.000120	1.000000	0.774460	0.756218	0.793834	18851.097528	91.514259	190.415127	8374.312500	81920.000000	10.222549	6805.762695	7084.000000	
0.000100	0.000092	1.000000	0.772745	0.764645	0.793834	18946.786650	90.357143	95.209983	8374.312500	81920.000000	10.222549	6805.762695	7084.000000	
0.000100	0.000072	1.000000	0.782558	0.752929	0.793834	19041.842846	89.459281	0.000000	8374.312500	81920.000000	10.222549	6805.762695	7084.000000	
